00000000  31 31 36 31 30  |11610|
00000005  31 33 32 31 31  |13211|
0000000a  36 31 30 31 31  |61011|
0000000f  31 36 31 31 36  |16116|
00000014  31 30 31 31 30  |10110|
00000019  30 33 32 31 30  |03210|
0000001e  31 33 32 31 31  |13211|
00000023  36 31 30 31 31  |61011|
00000028  31 36 31 31 36  |16116|
0000002d  31 30 31 31 31  |10111|
00000032  36 31 30 31 31  |61011|
00000037  31 36 31 31 36  |16116|
0000003c  33 32 31 31 36  |32116|
00000041  31 30 31 31 31  |10111|
00000046  36 31 31 36 31  |61161|
0000004b  30 31 31 31 36  |01116|
00000050  33 32 31 31 36  |32116|
00000055  31 30 31 33 32  |10132|
0000005a  31 31 36 31 30  |11610|
0000005f  31 31 31 36 31  |11161|
00000064  31 36 31 30 31  |16101|
00000069  31 31 36 31 30  |11610|
0000006e  31 31 31 36 31  |11161|
00000073  31 36 33 32 31  |16321|
00000078  31 36 31 30 31  |16101|
0000007d  31 31 36 31 31  |11611|
00000082  36 31 30 31 31  |61011|
00000087  30 37 33 32 31  |07321|
0000008c  31 36 31 30 31  |16101|
00000091  31 31 36 31 31  |11611|
00000096  36 31 30 31 31  |61011|
0000009b  31 35 31 30 31  |15101|
000000a0  33 32 34 35 33  |32453|
000000a5  32 34 39 34 38  |24948|
000000aa  35 33 33 32 34  |53324|
000000af  39 35 31 35 30  |95150|
000000b4  33 32 35 33 35  |32535|
000000b9  33 33 32 34 39  |33249|
000000be  34 38 35 31 33  |48513|
000000c3  32 34 39 35 30  |24950|
000000c8  35 32 33 32 34  |52324|
000000cd  39 34 38 35 34  |94854|
000000d2  33 32 34 39 35  |32495|
000000d7  35 35 31 33 32  |55132|
000000dc  34 39 35 30 35  |49505|
000000e1  35 33 32 35 34  |53254|
000000e6  35 31 33 32 35  |51325|
000000eb  34 34 39 33 32  |44932|
000000f0  34 39 35 34 35  |49545|
000000f5  30 33 32 34 39  |03249|
000000fa  35 32 35 32 33  |52523|
000000ff  32 34 39 35 31  |24951|
00000104  35 35 33 32 34  |55324|
00000109  39 35 35 35 32  |95552|
0000010e  33 32 35 33 35  |32535|
00000113  33 33 32 34 39  |33249|
00000118  35 35 35 32 33  |55523|
0000011d  32 34 39 35 34  |24954|
00000122  35 33 33 32 34  |53324|
00000127  39 35 33 35 34  |95354|
0000012c  33 32 34 39 35  |32495|
00000131  32 35 35 33 32  |25532|
00000136  35 34 35 32 33  |54523|
0000013b  32 34 39 35 34  |24954|
00000140  35 30 33 32 35  |50325|
00000145  34 34 39 33 32  |44932|
0000014a  34 39 35 32 34  |49524|
0000014f  39 33 32 34 39  |93249|
00000154  35 33 35 34 33  |53543|
00000159  32 34 39 35 31  |24951|
0000015e  35 35 33 32 34  |55324|
00000163  39 35 30 35 32  |95052|
00000168  33 32 35 34 34  |32544|
0000016d  38 33 32 34 39  |83249|
00000172  35 33 35 34 33  |53543|
00000177  32 34 39 35 32  |24952|
0000017c  35 35 33 32 34  |55324|
00000181  39 35 34 35 33  |95453|
00000186  33 32 35 34 35  |32545|
0000018b  31 33 32 34 39  |13249|
00000190  35 31 35 35 33  |51553|
00000195  32 34 39 35 30  |24950|
0000019a  35 32 33 32 34  |52324|
0000019f  39 35 34 35 35  |95455|
000001a4  33 32 35 34 34  |32544|
000001a9  39 33 32 34 39  |93249|
000001ae  35 34 35 31 33  |54513|
000001b3  32 34 39 35 34  |24954|
000001b8  35 32 33 32 35  |52325|
000001bd  34 35 31 33 32  |45132|
000001c2  34 39 35 34 35  |49545|
000001c7  30 33 32 34 39  |03249|
000001cc  35 35 35 33     |5553|