4246955630875285845562899
68740707024784769314
5153578275576785945661961
4246908196133787805332873
3499778279932364022347141
9445036
10898267794505761
772616565303003948668263
9132747191990366398
56647273941377365226
311380008767969836338
3499822297419385240013899
40681997143204463
799039337654
5153554623423797976563829
772629457962750319654103
9132837215006489246
23344436743250729002298703
772627674386904100358719
49366461424586103
8981021764343509
4246977966468262522956963
937562055992082845913179
11082471615424119578
4246977930544175465582927
128823431234
5153635485794747958602463
68740740584285217886
772621653495882364505470
799039398886
7401002605353719
311380006134086959802
937573847917836501146581
4246947985240231109283879
772621205571170138251819
8981063058561589
13448373054963492262
4466402654144708
1137711969926422112549947
772610922471724871173670
799030474322
11082630964980582314
40681596482024211
50200953510839053482
83415335306861294966
10898196179529587
772629269356707957220190
772629835163680646600297
937562918324324316247313
4246943717694513927861017
9132850909764953060
937555895060312076883393
377848412800308239454
49366687991137427
50201559966102931058
377852633080323461802
11082508031061002702
658470397666
937568158612750328758390
772619492741987095904690
8980958363482097
13448523263084311106
11082522571986942938
772611488265261885952421
68740373797106318542
68740186821901307506
583538371038
772628892156053859467810
4246932993621904725017130
7400924233354690
7400998992155081
636706870172029412991107
5153611746193059809872987
50201052871262788420
9132857597876483678
13448461427837318786
60918488828050381038
4246905050143684559205590
772627356395020610390729
8980949414933539
636698862269338244145613
11082502620536907698
4246995420426143271838077
4246924516033365882940993
636698396006401738375510
377850892547639132498
4246896608534324444773331
986014542665036
4246997132446827058089463
9132947621980895806
4246997493827056437971523
223618903877796021
4246924551957001120793517
11082492427301724134
772629775955498756320033
937567229184338787653873
49366136608856329
56647246285954989974
636706403903228614938890
50200953086202184978
658463746340
50201584899356516598
106159428140
106160552314
19237849549042222001938041
937578086979600142216589
68741017822812467666
9132765345265872220
772625716868396076143390
56647386539870337140
772613023994753855585690
4246943753618311587595173
377852629884165866258
4246950058617986219415321
106159217126
40681977282093137
772633521376309290652711
68740063001990446718
4246952195321382573506970
986010084608044
772620117749237461938823
56647428023525642582
4246905086067155140135710
49366137026431701
658464228542
772620262574075913004870
11082441470877503654
68740323457628046340
3619451097362
11082521722710895882
49366688408717463
56646715565230360138
4246936103708974473941619
8980967954708390
3499818055431833488815630
11082463499584646060
56647400368028043818
9132740503959687460
56647358884392990860
4246995384501908575953233
377852604124714437978
583538366102
4246952484850044277529170
311376708814137263020
937558445238218086806751
4246944079070198205676557
4246936067785241522809951
10898195344378843
772624181113674373403351
60918492981063584918
377850895743782032362
4246896644457723620314839
4246995094970322262146453
40681977626211453
83414410023491784338
772621594288327451922830
636700127843608290238570
40681485483146017
937557686804917614582530
11082491578027987126
3499812807436064151584433
49366684208068603
83414787165875664322
7401022736285033
11082368645654555218
772628832947944233763090
8981058673971211
11082398790003084526
8980933237782917
3499811098813659406657167
8980867645232530
772629210148569425868910
7400944364072830
106159505882
937553447835389064828370
772620639770517012771130
8981057985734579
68740379064820146878
10898146070484947
3499855116713450967449313
937567686908578327896527
5153577924240474452326701
8980926660927590
772619104025887100752117
937557758651858776442770
3499775716998778584148070
937568845206725672608957
1711579090280650744734
772625905473571242901943
9132855368460934940
11082580857199890106
3499820588792347447830901
4246932957698198081306770
658462437506
311376089887999614118
19237645832220789329762910
4246955305422513989369211
13448312250978424598
5153554579831213694624041
60918488312756656102
275945727385200289914
13448462458420109074
772628444227145045195237
658470719134
4246955269498618615914119
8981062370324621
3499819764057634483808370
50201090058817876374
636705138316483591654301
11082631814265000826
40681997487322947
986003605313348
1137724677305696714100761
8980962748023503
3499811069209663438036843
3499822327023476185154031
49366461007007987
937567157336671879797097
772618101042587609547070
311376711447992248380
311376092521849364142
4246944043146397793029153
40681596137909119
8980974531593957
636699173108383676556787
40681566690356970
19237840157048259134505159
812544262983560
68739876027630804674
60918212882647855958
772620058541800236717647
772620828374452812376981
7401019123076567
636700438683271581297430
4246952520773916096362730
8980849793885377
4246952159397513507592130
937561984144812370208131
772637014691769237964559
5153611789786127647271103
937573390190589131904619
11082626403680474374
3499785266089081061097810
13448374085539510358
7401013703213090
11082390674216942020
1137717201060187414394587
7401017316418910
772618726830195757566283
68740192089600807554
60918213397939251102
49366684625648607
937567615060876343708503
4246908160210290917154317
4246947949316397655355491
7401092076159559
937563376046459276615087
11082625554396470486
128823441106
10898266959349529
772615999505748952491010
5153578319169570663780309
812544858020828
5153612184717819043959927
50201560390744933002
772626282672767229784457
377852600928557087362
937564534339280857997917
50201053295900500980
1137712057111590676429523
10898317068950009
812552867411356
3499818025827778675963270
937577629250283246316211
937555823213513725800377
772629398754597335041567
83415718845743368886
68741051382464649134
3499775746602475517566830
772619551949380962742210
23344590145818789170369109
3499820618396423940137169
937563919595875706398310
812552470719844
50201584474714307342
11082513606834728140
3619451127978
8980908809463131
68739424322398675558
60917812575328709986
799035724966
937564606186746760261253
68740012662739773860
937566295000531538306851
128822002262
68740328725338017060
937558373391224310449639
4246995059046090319208137
311376939473413310994
40681566346242130
83414793558119458898
772627297187028673150081
7400929653152647
311376936839556396826
636698706845219539272490
4466402691924852
772637073900505847241031
83415341699147094694
986014618225324
40681485827260173
128822848786
3499785236485303604806490
5153635442201479682802427
8980967266478710
8980950103161851
4246975893076882690340637
4246955594951387719187071
3499855087109082662811077
8980973843363773
9132832756319369954
60917813090616719034
19237659920211733630912233
23344695693941419490091021
11082575446640241094
937554134418591505380031
3499778309536082634957729
50201089634179852846
937573776069662386398509
311379854117140870598
56646828162613440820
4246950022694135227321309
5153612141124747865936883
8981017379773291
4246975857152813171247473
772625339669476317184610
68741056650230402206
311379856751022461262
56646674082096797260
60918493496357349342
68740255314091970438
937563847748462418977590
56647958750925264586
937573318342450093718291
4246997457902804203725167
68741023090575648994
19237607593388226226643319
8980874222044639
937551584252411011902433
23344697482892650512459189
636692430861469654495370
772627733594924943188471
3499819734453565218132730
106160500486
68739611295529666906
812542647882404
5153577880647693074811329
68739560956609784620
3499812777832053730169557
377848409604186342166
9132862056575730722
68740288873371891962
11082514456110153260
4246997168371076539387947
772623803915504375951849
